##### mode 0 #####
0	0
1	1
2	2
3	3
4	4
5	5
6	6
7	7
8	8
9	9
10	10
11	11
12	12
13	13
14	14
15	15
16	16
17	17
18	18
19	19
20	20
21	21
22	22
23	23
24	24
25	25
26	26
27	27
28	28
29	29
30	30
31	31
32	32
33	33
34	34
35	35
36	36
37	37
38	38
39	39
40	40
41	41
42	42
43	43
44	44
45	45
46	46
47	47
48	48
49	49
50	50
51	51
52	52
53	53
54	54
55	55
56	56
57	57
58	58
59	59
60	60
61	61
62	62
63	63
64	64
65	595
66	65
67	66
68	67
69	68
70	69
71	70
72	71
73	72
74	73
75	74
76	75
77	76
78	77
79	78
80	79
81	80
82	81
83	82
84	83
85	84
86	85
87	86
88	87
89	88
90	89
91	90
92	91
93	92
94	93
95	94
96	95
97	96
98	97
99	98
100	99
101	100
102	101
103	102
104	103
105	104
106	105
107	106
108	107
109	108
110	109
111	110
112	111
113	112
114	113
115	114
116	115
117	116
118	117
119	118
120	119
121	120
122	121
123	122
124	123
125	124
126	125
127	126
128	127
129	128
130	129
131	130
132	131
133	132
134	133
135	134
136	135
137	136
138	137
139	138
140	139
141	140
142	141
143	142
144	143
145	144
146	145
147	146
148	147
149	148
150	149
151	150
152	151
153	152
154	153
155	154
156	155
157	156
158	157
159	158
160	159
161	160
162	161
163	162
164	163
165	164
166	165
167	166
168	167
169	168
170	169
171	170
172	171
173	172
174	173
175	174
176	175
177	176
178	177
179	178
180	179
181	180
182	181
183	182
184	183
185	184
186	185
187	186
188	187
189	188
190	189
191	190
192	191
193	192
194	193
195	194
196	195
197	196
198	197
199	198
200	199
201	200
202	201
203	202
204	203
205	204
206	205
207	206
208	207
209	208
210	209
211	210
212	211
213	212
214	213
215	214
216	215
217	216
218	217
219	218
220	219
221	220
222	221
223	222
224	223
225	224
226	225
227	226
228	227
229	228
230	229
231	230
232	231
233	232
234	233
235	234
236	235
237	236
238	237
239	238
240	239
241	240
242	241
243	242
244	243
245	244
246	245
247	246
248	247
249	248
250	249
251	250
252	251
253	252
254	253
255	254
256	255
257	256
258	257
259	258
260	259
261	260
262	261
263	262
264	263
265	264
266	265
267	266
268	267
269	268
270	269
271	270
272	271
273	272
274	273
275	274
276	275
277	276
278	277
279	278
280	279
281	280
282	281
283	282
284	283
285	284
286	285
287	286
288	287
289	288
290	289
291	290
292	291
293	292
294	293
295	294
296	295
297	296
298	297
299	298
300	299
301	300
302	301
303	302
304	303
305	304
306	305
307	306
308	307
309	308
310	309
311	310
312	311
313	312
314	313
315	314
316	315
317	316
318	317
319	318
320	319
321	320
322	321
323	322
324	323
325	324
326	325
327	326
328	327
329	328
330	329
331	330
332	331
333	332
334	333
335	334
336	335
337	336
338	337
339	338
340	339
341	340
342	341
343	342
344	343
345	344
346	345
347	346
348	347
349	348
350	349
351	350
352	351
353	352
354	353
355	354
356	355
357	356
358	357
359	358
360	359
361	360
362	361
363	362
364	363
365	364
366	365
367	366
368	367
369	368
370	369
371	370
372	371
373	372
374	373
375	374
376	375
377	376
378	377
379	378
380	379
381	380
382	381
383	382
384	383
385	384
386	385
387	386
388	387
389	388
390	389
391	390
392	391
393	392
394	393
395	394
396	395
397	396
398	397
399	398
400	399
401	400
402	401
403	402
404	403
405	404
406	405
407	406
408	407
409	408
410	409
411	410
412	411
413	412
414	413
415	414
416	415
417	416
418	417
419	418
420	419
421	420
422	421
423	422
424	423
425	424
426	425
427	426
428	427
429	428
430	429
431	430
432	431
433	432
434	433
435	434
436	435
437	436
438	437
439	438
440	439
441	440
442	441
443	442
444	443
445	444
446	445
447	446
448	447
449	448
450	449
451	450
452	451
453	452
454	453
455	454
456	455
457	456
458	457
459	458
460	459
461	460
462	461
463	462
464	463
465	464
466	465
467	466
468	467
469	468
470	469
471	470
472	471
473	472
474	473
475	474
476	475
477	476
478	477
479	478
480	479
481	480
482	481
483	482
484	483
485	484
486	485
487	486
488	487
489	488
490	489
491	490
492	491
493	492
494	493
495	494
496	495
497	496
498	497
499	498
500	499
501	500
502	501
503	502
504	503
505	504
506	505
507	506
508	507
509	508
510	509
511	510
512	511
513	512
514	513
515	514
516	515
517	516
518	517
519	518
520	519
521	520
522	521
523	522
524	523
525	524
526	525
527	526
528	527
529	528
530	529
531	530
532	531
533	532
534	533
535	534
536	535
537	536
538	537
539	538
540	539
541	540
542	541
543	542
544	543
545	544
546	545
547	546
548	547
549	548
550	549
551	550
552	551
553	552
554	553
555	554
556	555
557	556
558	557
559	558
560	559
561	560
562	561
563	562
564	563
565	564
566	565
567	566
568	567
569	568
570	569
571	570
572	571
573	572
574	573
575	574
576	575
577	576
578	577
579	578
580	579
581	580
582	581
583	582
584	583
585	584
586	585
587	586
588	587
589	588
590	589
591	590
592	591
593	592
594	593
595	594
596	595
597	596
598	597
599	598
600	599
601	600
602	601
603	602
604	603
605	604
606	605
607	606
608	607
609	608
##### mode 1 #####
0	0
1	1
2	2
3	3
4	4
5	5
6	6
7	7
8	8
9	9
10	10
11	11
12	12
13	13
14	14
15	15
16	16
17	17
18	18
19	19
20	20
21	21
22	22
23	23
24	24
25	25
26	26
27	27
28	28
29	29
30	30
31	31
32	32
33	33
34	34
35	35
36	36
37	37
38	38
39	39
40	40
41	41
42	42
43	43
44	44
45	45
46	46
47	47
48	48
49	49
50	50
51	51
52	52
53	53
54	54
55	55
56	56
57	57
58	58
59	59
60	60
61	61
62	62
63	63
64	64
65	65
66	66
67	67
68	68
69	69
70	70
71	71
72	72
73	73
74	74
75	75
76	76
77	77
78	78
79	79
80	80
81	81
82	82
83	83
84	84
85	85
86	86
87	87
88	88
89	89
90	90
91	91
92	92
93	93
94	94
95	95
96	96
97	97
98	98
99	99
100	100
101	101
102	102
103	103
104	104
105	105
106	106
107	107
108	108
109	109
110	110
111	111
112	112
113	113
114	114
115	115
116	116
117	117
118	118
119	119
120	120
121	121
122	122
123	123
124	124
125	125
126	126
127	127
128	128
129	129
130	130
131	131
132	132
133	133
134	134
135	135
136	136
137	137
138	138
139	139
140	140
141	141
142	142
143	143
144	144
145	145
146	146
147	147
148	148
149	149
150	150
151	151
152	152
153	153
154	154
155	155
156	156
157	157
158	158
159	159
160	160
161	161
162	162
163	163
164	164
165	165
166	166
167	167
168	168
169	169
170	170
171	171
172	172
173	173
174	174
175	175
176	176
177	177
178	178
179	179
180	180
181	181
182	182
183	183
184	184
185	185
186	186
187	187
188	188
189	189
190	190
191	191
192	192
193	193
194	194
195	195
196	196
197	197
198	198
199	199
200	200
201	201
202	202
203	203
204	204
205	205
206	206
207	207
208	208
209	209
210	210
211	211
212	212
213	213
214	214
215	215
216	216
217	217
218	218
219	219
220	220
221	221
222	222
223	223
224	224
225	225
226	226
227	227
228	228
229	229
230	230
231	231
232	232
233	233
234	234
235	235
236	236
237	237
238	238
239	239
240	240
241	241
242	242
243	243
244	244
245	245
246	246
247	247
248	248
249	249
250	250
251	251
252	252
253	253
254	254
255	255
256	256
257	257
258	258
259	259
260	260
261	261
262	262
263	263
264	264
265	265
266	266
267	267
268	268
269	269
270	270
271	271
272	272
273	273
274	274
275	275
276	276
277	277
278	278
279	279
280	280
281	281
282	282
283	283
284	284
285	285
286	286
287	287
288	288
289	289
290	290
291	291
292	292
293	293
294	294
295	295
296	296
297	297
298	298
299	299
300	300
301	301
302	302
303	303
304	304
305	305
306	306
307	307
308	308
309	309
310	310
311	311
312	312
313	313
314	314
315	315
316	316
317	317
318	318
319	319
320	320
321	321
322	322
323	323
324	324
325	325
326	326
327	327
328	328
329	329
330	330
331	331
332	332
333	333
334	334
335	335
336	336
337	337
338	338
339	339
340	340
341	341
342	342
343	343
344	344
345	345
346	346
347	347
348	348
349	349
350	350
351	351
352	352
353	353
354	354
355	355
356	356
357	357
358	358
359	359
360	360
361	361
362	362
363	363
364	364
365	365
366	366
367	367
368	368
369	369
370	370
371	371
372	372
373	373
374	374
375	375
376	376
377	377
378	378
379	379
380	380
381	381
382	382
383	383
384	384
385	385
386	386
387	387
388	388
389	389
390	390
391	391
392	392
393	393
394	394
395	395
396	396
397	397
398	398
399	399
400	400
401	401
402	402
403	403
404	404
405	405
406	406
407	407
408	408
409	409
410	410
411	411
412	412
413	413
414	414
415	415
416	416
417	417
418	418
419	419
420	420
421	421
422	422
423	423
424	424
425	425
426	426
427	427
428	428
429	429
430	430
431	431
432	432
433	433
434	434
435	435
436	436
437	437
438	438
439	439
440	440
441	441
442	442
443	443
444	444
445	445
446	446
447	447
448	448
449	449
450	450
451	451
452	452
453	453
454	454
455	455
456	456
457	457
458	458
459	459
460	460
461	461
462	462
463	463
464	464
465	465
466	466
467	467
468	468
469	469
470	470
471	471
472	472
473	473
474	474
475	475
476	476
477	477
478	478
479	479
480	480
481	481
482	482
483	483
484	484
485	485
486	486
487	487
488	488
489	489
490	490
491	491
492	492
493	493
494	494
495	495
496	496
497	497
498	498
499	499
500	500
501	501
502	502
503	503
504	504
505	505
506	506
507	507
508	508
509	509
510	510
511	511
512	512
513	513
514	514
515	515
516	516
517	517
518	518
519	519
520	520
521	521
522	522
523	523
524	524
525	525
526	526
527	527
528	528
529	529
530	530
531	531
532	532
533	533
534	534
535	535
536	536
537	537
538	538
539	539
540	540
541	541
542	542
543	543
544	544
545	545
546	546
547	547
548	548
549	549
550	550
551	551
552	552
553	553
554	554
555	555
556	556
557	557
558	558
559	559
560	560
561	561
562	562
563	563
564	564
565	565
566	566
567	567
568	568
569	569
570	570
571	571
572	572
573	573
574	574
575	575
576	576
577	577
578	578
579	579
580	580
581	581
582	582
583	583
584	584
585	585
586	586
587	587
588	588
589	589
590	590
591	591
592	592
593	593
594	594
595	595
596	596
597	597
598	598
599	599
600	600
601	601
602	602
603	603
604	604
605	605
606	606
607	607
608	608
609	609
610	610
611	611
612	612
613	613
614	614
615	615
616	616
617	617
618	618
619	619
620	620
621	621
622	622
623	623
624	624
625	625
626	626
627	627
628	628
629	629
630	630
631	631
632	632
633	633
634	634
635	635
636	636
637	637
638	638
639	639
640	640
641	641
642	642
643	643
644	644
645	645
646	646
647	647
648	648
649	649
650	650
651	651
652	652
653	653
654	654
655	655
656	656
657	657
658	658
659	659
660	660
661	661
662	662
663	663
664	664
665	665
666	666
667	667
668	668
669	669
670	670
671	671
672	672
673	673
674	674
675	675
676	676
677	677
678	678
679	679
680	680
681	681
682	682
683	683
684	684
685	685
686	686
687	687
688	688
689	689
690	690
691	691
692	692
693	693
694	694
695	695
696	696
697	697
698	698
699	699
700	700
701	701
702	702
703	703
704	704
705	705
706	706
707	707
708	708
709	709
710	710
711	711
712	712
713	713
714	714
715	715
716	716
717	717
718	718
719	719
720	720
721	721
722	722
723	723
724	724
725	725
726	726
727	727
728	728
729	729
730	730
731	731
732	732
733	733
734	734
735	735
736	736
737	737
738	738
739	739
740	740
741	741
742	742
743	743
744	744
745	745
746	746
747	747
748	748
749	749
750	750
751	751
752	752
753	753
754	754
755	755
756	756
757	757
758	758
759	759
760	760
761	761
762	762
763	763
764	764
765	765
766	766
767	767
768	768
769	769
770	770
771	771
772	772
773	773
774	774
775	775
776	776
777	777
778	778
779	779
780	780
781	781
782	782
783	783
784	784
785	785
786	786
787	787
788	788
789	789
790	790
791	791
792	792
793	793
794	794
795	795
796	796
797	797
798	798
799	799
800	800
801	801
802	802
803	803
804	804
805	805
806	806
807	807
808	808
809	809
810	810
811	811
812	812
813	813
814	814
815	815
816	816
817	817
818	818
819	819
820	820
821	821
822	822
823	823
824	824
825	825
826	826
827	827
828	828
829	829
830	830
831	831
832	832
833	833
834	834
835	835
836	836
837	837
838	838
839	839
840	840
841	841
842	842
843	843
844	844
845	845
846	846
847	847
848	848
849	849
850	850
851	851
852	852
853	853
854	854
855	855
856	856
857	857
858	858
859	859
860	860
861	861
862	862
863	863
864	864
865	865
866	866
867	867
868	868
869	869
870	870
871	871
872	872
873	873
874	874
875	875
876	876
877	877
878	878
879	879
880	880
881	881
882	882
883	883
884	884
885	885
886	886
887	887
888	888
889	889
890	890
891	891
892	892
893	893
894	894
895	895
896	896
897	897
898	898
899	899
900	900
901	901
902	902
903	903
904	904
905	905
906	906
907	907
908	908
909	909
910	910
911	911
912	912
913	913
914	914
915	915
916	916
917	917
918	918
919	919
920	920
921	921
922	922
923	923
924	924
925	925
926	926
927	927
928	928
929	929
930	930
931	931
932	932
933	933
934	934
935	935
936	936
937	937
938	938
939	939
940	940
941	941
942	942
943	943
944	944
945	945
946	946
947	947
948	948
949	949
950	950
951	951
952	952
953	953
954	954
955	955
956	956
957	957
958	958
959	959
960	960
961	961
962	962
963	963
964	964
965	965
966	966
967	967
968	968
969	969
970	970
971	971
972	972
973	973
974	974
975	975
976	976
977	977
978	978
979	979
980	980
981	981
982	982
983	983
984	984
985	985
986	986
987	987
988	988
989	989
990	990
991	991
992	992
993	993
994	994
995	995
996	996
997	997
998	998
999	999
1000	1000
1001	1001
1002	1002
1003	1003
1004	1004
1005	1005
1006	1006
1007	1007
1008	1008
1009	1009
1010	1010
1011	1011
1012	1012
1013	1013
1014	1014
1015	1015
1016	1016
1017	1017
1018	1018
1019	1019
1020	1020
1021	1021
1022	1022
1023	1023
1024	1024
1025	1025
1026	1026
1027	1027
1028	1028
1029	1029
1030	1030
1031	1031
1032	1032
1033	1033
1034	1034
1035	1035
1036	1036
1037	1037
1038	1038
1039	1039
1040	1040
1041	1041
1042	1042
1043	1043
1044	1044
1045	1045
1046	1046
1047	1047
1048	1048
1049	1049
1050	1050
1051	1051
1052	1052
1053	1053
1054	1054
1055	1055
1056	1056
1057	1057
1058	1058
1059	1059
1060	1060
1061	1061
1062	1062
1063	1063
1064	1064
1065	1065
1066	1066
1067	1067
1068	1068
1069	1069
1070	1070
1071	1071
1072	1072
1073	1073
1074	1074
1075	1075
1076	1076
1077	1077
1078	1078
1079	1079
1080	1080
1081	1081
1082	1082
1083	1083
1084	1084
1085	1085
1086	1086
1087	1087
1088	1088
1089	1089
1090	1090
1091	1091
1092	1092
1093	1093
1094	1094
1095	1095
1096	1096
1097	1097
1098	1098
1099	1099
1100	1100
1101	1101
1102	1102
1103	1103
1104	1104
1105	1105
1106	1106
1107	1107
1108	1108
1109	1109
1110	1110
1111	1111
1112	1112
1113	1113
1114	1114
1115	1115
1116	1116
1117	1117
1118	1118
1119	1119
1120	1120
1121	1121
1122	1122
1123	1123
1124	1124
1125	1125
1126	1126
1127	1127
1128	1128
1129	1129
1130	1130
1131	1131
1132	1132
1133	1133
1134	1134
1135	1135
1136	1136
1137	1137
1138	1138
1139	1139
1140	1140
1141	1141
1142	1142
1143	1143
1144	1144
1145	1145
1146	1146
1147	1147
1148	1148
1149	1149
1150	1150
1151	1151
1152	1152
1153	1153
1154	1154
1155	1155
1156	1156
1157	1157
1158	1158
1159	1159
1160	1160
1161	1161
1162	1162
1163	1163
1164	1164
1165	1165
1166	1166
1167	1167
1168	1168
1169	1169
1170	1170
1171	1171
1172	1172
1173	1173
1174	1174
1175	1175
1176	1176
1177	1177
1178	1178
1179	1179
1180	1180
1181	1181
1182	1182
1183	1183
1184	1184
1185	1185
1186	1186
1187	1187
1188	1188
1189	1189
1190	1190
1191	1191
1192	1192
1193	1193
1194	1194
1195	1195
1196	1196
1197	1197
1198	1198
1199	1199
1200	1200
1201	1201
1202	1202
1203	1203
1204	1204
1205	1205
1206	1206
1207	1207
1208	1208
1209	1209
1210	1210
1211	1211
1212	1212
1213	1213
1214	1214
1215	1215
1216	1216
1217	1217
1218	1218
1219	1219
1220	1220
1221	1221
1222	1222
1223	1223
1224	1224
1225	1225
1226	1226
1227	1227
1228	1228
1229	1229
1230	1230
1231	1231
1232	1232
1233	1233
1234	1234
1235	1235
1236	1236
1237	1237
1238	1238
1239	1239
1240	1240
1241	1241
1242	1242
1243	1243
1244	1244
1245	1245
1246	1246
1247	1247
1248	1248
1249	1249
1250	1250
1251	1251
1252	1252
1253	1253
1254	1254
1255	1255
1256	1256
1257	1257
1258	1258
1259	1259
1260	1260
1261	1261
1262	1262
1263	1263
1264	1264
1265	1265
1266	1266
1267	1267
1268	1268
1269	1269
1270	1270
1271	1271
1272	1272
1273	1273
1274	1274
1275	1275
1276	1276
1277	1277
1278	1278
1279	1279
1280	1280
1281	1281
1282	1282
1283	1283
1284	1284
1285	1285
1286	1286
1287	1287
1288	1288
1289	1289
1290	1290
1291	1291
1292	1292
1293	1293
1294	1294
1295	1295
1296	1296
1297	1297
1298	1298
1299	1299
1300	1300
1301	1301
1302	1302
1303	1303
1304	1304
1305	1305
1306	1306
1307	1307
1308	1308
1309	1309
1310	1310
1311	1311
1312	1312
1313	1313
1314	1314
1315	1315
1316	1316
1317	1317
1318	1318
1319	1319
1320	1320
1321	1321
1322	1322
1323	1323
1324	1324
1325	1325
1326	1326
1327	1327
1328	1328
1329	1329
1330	1330
1331	1331
1332	1332
1333	1333
1334	1334
1335	1335
1336	1336
1337	1337
1338	1338
1339	1339
1340	1340
1341	1341
1342	1342
1343	1343
1344	1344
1345	1345
1346	1346
1347	1347
1348	1348
1349	1349
1350	1350
1351	1351
1352	1352
1353	1353
1354	1354
1355	1355
1356	1356
1357	1357
1358	1358
1359	1359
1360	1360
1361	1361
1362	1362
1363	1363
1364	1364
1365	1365
1366	1366
1367	1367
1368	1368
1369	1369
1370	1370
1371	1371
1372	1372
1373	1373
1374	1374
1375	1375
1376	1376
1377	1377
1378	1378
1379	1379
1380	1380
1381	1381
1382	1382
1383	1383
1384	1384
1385	1385
1386	1386
1387	1387
1388	1388
1389	1389
1390	1390
1391	1391
1392	1392
1393	1393
1394	1394
1395	1395
1396	1396
1397	1397
1398	1398
1399	1399
1400	1400
1401	1401
1402	1402
1403	1403
1404	1404
1405	1405
1406	1406
1407	1407
1408	1408
1409	1409
1410	1410
1411	1411
1412	1412
1413	1413
1414	1414
1415	1415
1416	1416
1417	1417
1418	1418
1419	1419
1420	1420
1421	1421
1422	1422
1423	1423
1424	1424
1425	1425
1426	1426
1427	1427
1428	1428
1429	1429
1430	1430
1431	1431
1432	1432
1433	1433
1434	1434
1435	1435
1436	1436
1437	1437
1438	1438
1439	1439
1440	1440
1441	1441
1442	1442
1443	1443
1444	1444
1445	1445
1446	1446
1447	1447
1448	1448
1449	1449
1450	1450
1451	1451
1452	1452
1453	1453
1454	1454
1455	1455
1456	1456
1457	1457
1458	1458
1459	1459
1460	1460
1461	1461
1462	1462
1463	1463
1464	1464
1465	1465
1466	1466
1467	1467
1468	1468
1469	1469
1470	1470
1471	1471
1472	1472
1473	1473
1474	1474
1475	1475
1476	1476
1477	1477
1478	1478
1479	1479
1480	1480
1481	1481
1482	1482
1483	1483
1484	1484
1485	1485
1486	1486
1487	1487
1488	1488
1489	1489
1490	1490
1491	1491
1492	1492
1493	1493
1494	1494
1495	1495
1496	1496
1497	1497
1498	1498
1499	1499
1500	1500
1501	1501
1502	1502
1503	1503
1504	1504
1505	1505
1506	1506
1507	1507
1508	1508
1509	1509
1510	1510
1511	1511
1512	1512
1513	1513
1514	1514
1515	1515
1516	1516
1517	1517
1518	1518
1519	1519
1520	1520
1521	1521
1522	1522
1523	1523
1524	1524
1525	1525
1526	1526
1527	1527
1528	1528
1529	1529
1530	1530
1531	1531
1532	1532
1533	1533
1534	1534
1535	1535
1536	1536
1537	1537
1538	1538
1539	1539
1540	1540
1541	1541
1542	1542
1543	1543
1544	1544
1545	1545
1546	1546
1547	1547
1548	1548
1549	1549
1550	1550
1551	1551
1552	1552
1553	1553
1554	1554
1555	1555
1556	1556
1557	1557
1558	1558
1559	1559
1560	1560
1561	1561
1562	1562
1563	1563
1564	1564
1565	1565
1566	1566
1567	1567
1568	1568
1569	1569
1570	1570
1571	1571
1572	1572
1573	1573
1574	1574
1575	1575
1576	1576
1577	1577
1578	1578
1579	1579
1580	1580
1581	1581
1582	1582
1583	1583
1584	1584
1585	1585
1586	1586
1587	1587
1588	1588
1589	1589
1590	1590
1591	1591
1592	1592
1593	1593
1594	1594
1595	1595
1596	1596
1597	1597
1598	1598
1599	1599
1600	1600
1601	1601
1602	1602
1603	1603
1604	1604
1605	1605
1606	1606
1607	1607
1608	1608
1609	1609
1610	1610
1611	1611
1612	1612
1613	1613
1614	1614
1615	1615
1616	1616
1617	1617
1618	1618
1619	1619
1620	1620
1621	1621
1622	1622
1623	1623
1624	1624
1625	1625
1626	1626
1627	1627
1628	1628
1629	1629
1630	1630
1631	1631
1632	1632
1633	1633
1634	1634
1635	1635
1636	1636
1637	1637
1638	1638
1639	1639
1640	1640
1641	1641
1642	1642
1643	1643
1644	1644
1645	1645
1646	1646
1647	1647
1648	1648
1649	1649
1650	1650
1651	1651
1652	1652
1653	1653
1654	1654
1655	1655
1656	1656
1657	1657
1658	1658
1659	1659
1660	1660
1661	1661
1662	1662
1663	1663
1664	1664
1665	1665
1666	1666
1667	1667
1668	1668
1669	1669
1670	1670
1671	1671
1672	1672
1673	1673
1674	1674
1675	1675
1676	1676
1677	1677
1678	1678
1679	1679
1680	1680
1681	1681
1682	1682
1683	1683
1684	1684
1685	1685
1686	1686
1687	1687
1688	1688
1689	1689
1690	1690
1691	1691
1692	1692
1693	1693
1694	1694
1695	370
1696	1695
1697	1696
1698	1697
1699	1698
1700	1699
1701	1700
1702	1701
1703	1702
1704	1703
1705	1704
1706	1705
1707	1706
1708	1707
1709	1708
1710	1709
1711	1710
1712	1711
1713	1712
1714	1713
1715	1714
1716	1715
1717	1716
1718	1717
1719	1718
1720	1719
1721	1720
1722	1721
1723	1722
1724	1723
1725	1724
1726	1725
1727	1726
1728	1727
1729	1728
1730	1729
1731	1730
1732	1731
1733	1732
1734	1733
1735	1734
1736	1735
1737	1736
1738	1737
1739	1738
1740	1739
1741	1740
1742	1741
1743	1742
1744	1743
1745	1744
1746	1745
1747	1746
1748	1747
1749	1748
1750	1749
1751	1750
1752	1751
1753	1752
1754	1753
1755	1754
1756	1755
1757	1756
1758	1757
1759	1758
1760	1759
1761	1760
1762	1761
1763	1762
1764	1763
1765	1764
1766	1765
1767	1766
1768	1767
1769	1768
1770	1769
1771	1770
1772	1771
1773	1772
1774	1773
1775	1774
1776	1775
1777	1776
1778	1777
1779	1778
1780	1779
1781	1780
1782	1781
1783	1782
1784	1783
1785	1784
1786	1785
1787	1786
1788	1787
1789	1788
1790	1789
1791	1790
1792	1791
1793	1792
1794	1793
1795	1794
1796	1795
1797	1796
1798	1797
1799	1798
1800	1799
1801	1800
1802	1801
1803	1802
1804	1803
1805	1804
1806	1805
1807	1806
1808	1807
1809	1808
1810	1809
1811	1810
1812	1811
1813	1812
1814	1813
1815	1814
1816	1815
1817	1816
1818	1817
1819	1818
1820	1819
1821	1820
1822	1821
1823	1822
1824	1823
1825	1824
1826	1825
1827	1826
1828	1827
1829	1828
1830	1829
1831	1830
1832	1831
1833	1832
1834	1833
1835	1834
1836	1835
1837	1836
1838	1837
1839	1838
1840	1839
1841	1840
1842	1841
1843	1842
1844	1843
1845	1844
1846	1845
1847	1846
1848	1847
1849	1848
1850	1849
1851	1850
1852	1851
1853	1852
1854	1853
1855	1854
1856	1855
1857	1856
1858	1857
1859	1858
1860	1859
1861	1860
1862	1861
1863	1862
1864	1863
1865	1864
1866	1865
1867	1866
1868	1867
1869	1868
1870	1869
1871	1870
1872	1871
1873	1872
1874	1873
1875	1874
1876	1875
1877	1876
1878	1877
1879	1878
1880	1879
1881	1880
1882	1881
1883	1882
1884	1883
1885	1884
1886	1885
1887	1886
1888	1887
1889	1888
1890	1889
1891	1890
1892	1891
1893	1892
1894	1893
1895	1894
1896	1895
1897	1896
1898	1897
1899	1898
1900	1899
1901	1900
1902	1901
1903	1902
1904	1903
1905	1904
1906	1905
1907	1906
1908	1907
1909	1908
1910	1909
1911	1910
1912	1911
1913	1912
1914	1913
1915	1914
1916	1915
1917	1916
1918	1917
1919	1918
1920	1919
1921	1920
1922	1921
1923	1922
1924	1923
1925	1924
1926	1925
1927	1926
1928	1927
1929	1928
1930	1929
1931	1930
1932	1931
1933	1932
1934	1933
1935	1934
1936	1935
1937	1936
1938	1937
1939	1938
1940	1939
1941	1940
1942	1941
1943	1942
1944	1943
1945	1944
1946	1945
1947	1946
1948	1947
1949	1948
1950	1949
1951	1950
1952	1951
1953	1952
1954	1953
1955	1954
1956	1955
1957	1956
1958	1957
1959	1958
1960	1959
1961	1960
1962	1961
1963	1962
1964	1963
1965	1964
1966	1965
1967	1966
1968	1967
1969	1968
1970	1969
1971	1970
1972	1971
1973	1972
1974	1973
1975	1974
1976	1975
1977	1976
1978	1977
1979	1978
1980	1979
1981	1980
1982	1981
1983	1982
1984	1983
1985	1984
1986	1985
1987	1986
1988	1987
1989	1988
1990	1989
1991	1990
1992	1991
1993	1992
1994	1993
1995	1994
1996	1995
1997	1996
1998	1997
1999	1998
2000	1999
2001	2000
2002	2001
2003	2002
2004	2003
2005	2004
2006	2005
2007	2006
2008	2007
2009	2008
2010	2009
2011	2010
2012	2011
2013	2012
2014	2013
2015	2014
2016	2015
2017	2016
2018	2017
2019	2018
2020	2019
2021	2020
2022	2021
2023	2022
2024	2023
2025	2024
2026	2025
2027	2026
2028	2027
2029	2028
2030	2029
2031	2030
2032	2031
2033	2032
2034	2033
2035	2034
2036	2035
2037	2036
2038	2037
2039	2038
2040	2039
2041	2040
2042	2041
2043	2042
2044	2043
2045	2044
2046	2045
2047	2046
2048	2047
2049	2048
2050	2049
2051	2050
2052	2051
2053	2052
2054	2053
2055	2054
2056	2055
2057	2056
2058	2057
2059	2058
2060	2059
2061	2060
2062	2061
2063	2062
2064	2063
2065	2064
2066	2065
2067	2066
2068	2067
2069	2068
2070	2069
2071	2070
2072	2071
2073	2072
2074	2073
2075	2074
2076	2075
2077	2076
2078	2077
2079	2078
2080	2079
2081	2080
2082	2081
2083	2082
2084	2083
2085	2084
2086	2085
2087	2086
2088	2087
2089	2088
2090	2089
2091	2090
2092	2091
2093	2092
2094	2093
2095	2094
2096	2095
2097	2096
2098	2097
2099	2098
2100	2099
2101	2100
2102	2101
2103	2102
2104	2103
2105	2104
2106	2105
2107	2106
2108	2107
2109	2108
2110	2109
2111	2110
2112	2111
2113	2112
2114	2113
2115	2114
2116	2115
2117	2116
2118	2117
2119	2118
2120	2119
2121	2120
2122	2121
2123	2122
2124	2123
2125	2124
2126	2125
2127	2126
2128	2127
2129	2128
2130	2129
2131	2130
2132	2131
2133	2132
2134	2133
2135	2134
2136	2135
2137	2136
2138	2137
2139	2138
2140	2139
2141	2140
2142	2141
2143	2142
2144	2143
2145	2144
2146	2145
2147	2146
2148	2147
2149	2148
2150	2149
2151	2150
2152	2151
2153	2152
2154	2153
2155	2154
2156	2155
2157	2156
2158	2157
2159	2158
2160	2159
2161	2160
2162	2161
2163	2162
2164	2163
2165	2164
2166	2165
2167	2166
2168	2167
2169	2168
2170	2169
2171	2170
2172	2171
2173	2172
2174	2173
2175	2174
2176	2175
2177	2176
2178	2177
2179	2178
2180	2179
2181	2180
2182	2181
2183	2182
2184	2183
2185	2184
2186	2185
2187	2186
2188	2187
2189	2188
2190	2189
2191	2190
2192	2191
2193	2192
2194	2193
2195	2194
2196	2195
2197	2196
2198	2197
2199	2198
2200	2199
2201	2200
2202	2201
2203	2202
2204	2203
2205	2204
2206	2205
2207	2206
2208	2207
2209	2208
2210	2209
2211	2210
2212	2211
2213	2212
2214	2213
2215	2214
2216	2215
2217	2216
2218	2217
2219	2218
2220	2219
2221	2220
2222	2221
2223	2222
2224	2223
2225	2224
2226	2225
2227	2226
2228	2227
2229	2228
2230	2229
2231	2230
2232	2231
2233	2232
2234	2233
2235	2234
2236	2235
2237	2236
2238	2237
2239	2238
2240	2239
2241	2240
2242	2241
2243	2242
2244	2243
2245	2244
2246	2245
2247	2246
2248	2247
2249	2248
2250	2249
2251	2250
2252	2251
2253	2252
2254	2253
2255	2254
2256	2255
2257	2256
2258	2257
2259	2258
2260	2259
2261	2260
2262	2261
2263	2262
2264	2263
2265	2264
2266	2265
2267	2266
2268	2267
2269	2268
2270	2269
2271	2270
2272	2271
2273	2272
2274	2273
2275	2274
2276	2275
2277	2276
2278	2277
2279	2278
2280	2279
2281	2280
2282	2281
2283	2282
2284	2283
2285	2284
2286	2285
2287	2286
2288	2287
2289	2288
2290	2289
2291	2290
2292	2291
2293	2292
2294	2293
2295	2294
2296	2295
2297	2296
2298	2297
2299	2298
2300	2299
2301	2300
2302	2301
2303	2302
2304	2303
2305	2304
2306	2305
2307	2306
2308	2307
2309	2308
2310	2309
2311	2310
2312	2311
2313	2312
2314	2313
2315	2314
2316	2315
2317	2316
2318	2317
2319	2318
2320	2319
2321	2320
2322	2321
2323	2322
2324	2323
2325	2324
2326	2325
2327	2326
2328	2327
2329	2328
2330	2329
2331	2330
2332	2331
2333	2332
2334	2333
2335	2334
2336	2335
2337	2336
2338	2337
2339	2338
2340	2339
2341	2340
2342	2341
2343	2342
2344	2343
2345	2344
2346	2345
2347	2346
2348	2347
2349	2348
2350	2349
2351	2350
2352	2351
2353	2352
2354	2353
2355	2354
2356	2355
2357	2356
2358	2357
2359	2358
2360	2359
2361	2360
2362	2361
2363	2362
2364	2363
2365	2364
2366	2365
2367	2366
2368	2367
2369	2368
2370	2369
2371	2370
2372	2371
2373	2372
2374	2373
2375	2374
2376	2375
2377	2376
2378	2377
2379	2378
2380	2379
2381	2380
2382	2381
2383	2382
2384	2383
2385	2384
2386	2385
2387	2386
2388	2387
2389	2388
2390	2389
2391	2390
2392	2391
2393	2392
2394	2393
2395	2394
2396	2395
2397	2396
2398	2397
2399	2398
2400	2399
2401	2400
2402	2401
2403	2402
2404	2403
2405	2404
2406	2405
2407	2406
2408	2407
2409	2408
2410	2409
2411	2410
2412	2411
2413	2412
2414	2413
2415	2414
2416	2415
2417	2416
2418	2417
2419	2418
2420	2419
2421	2420
2422	2421
2423	2422
2424	2423
2425	2424
2426	2425
2427	2426
2428	2427
2429	2428
2430	2429
2431	2430
2432	2431
2433	2432
2434	2433
2435	2434
2436	2435
2437	2436
2438	2437
2439	2438
2440	2439
2441	2440
2442	2441
2443	2442
2444	2443
2445	2444
2446	2445
2447	2446
2448	2447
2449	2448
2450	2449
